%YAML:1.0
---
K: !!opencv-matrix
   rows: 3
   cols: 3
   dt: d
   data: [ 609.77773671, 0., 321.46534103, 0.,
       612.04099243, 242.77709358, 0., 0., 1. ]
D: !!opencv-matrix
   rows: 1
   cols: 5
   dt: d
   data: [ 1.28749018e-02, 8.92025267e-01,
       1.68857368e-03, -3.12368354e-03,
       -3.94220935e+00 ]